1 0.414167 0.409763 0.008333 0.014793
0 0.432500 0.389053 0.031667 0.062130
0 0.312500 0.397929 0.018333 0.073964
0 0.290833 0.360947 0.011667 0.059172
0 0.281667 0.371302 0.013333 0.062130
0 0.316667 0.346154 0.013333 0.041420
0 0.404167 0.394970 0.021667 0.073964
0 0.404167 0.357988 0.011667 0.047337
0 0.395833 0.334320 0.008333 0.035503
0 0.405833 0.338757 0.008333 0.044379
0 0.464167 0.359467 0.011667 0.050296
0 0.498333 0.355030 0.010000 0.047337
0 0.533333 0.393491 0.016667 0.076923
0 0.546667 0.363905 0.013333 0.047337
0 0.605833 0.406805 0.018333 0.062130
0 0.176667 0.353550 0.013333 0.038462
0 0.638333 0.377219 0.010000 0.038462
0 0.655000 0.408284 0.010000 0.059172
0 0.664167 0.384615 0.008333 0.041420
0 0.699167 0.397929 0.011667 0.044379
0 0.797500 0.433432 0.011667 0.038462
0 0.870833 0.507396 0.015000 0.068047
0 0.908333 0.468935 0.010000 0.032544
0 0.905833 0.837278 0.078333 0.218935
