0 0.168333 0.353550 0.010000 0.032544
0 0.270833 0.387574 0.015000 0.071006
0 0.282500 0.369822 0.011667 0.053254
0 0.290000 0.346154 0.010000 0.041420
0 0.298333 0.366864 0.013333 0.059172
0 0.341667 0.343195 0.010000 0.041420
0 0.336667 0.343195 0.010000 0.041420
0 0.370833 0.383136 0.018333 0.050296
0 0.374167 0.368343 0.011667 0.050296
0 0.397500 0.372781 0.015000 0.071006
0 0.435000 0.362426 0.013333 0.056213
1 0.367500 0.426036 0.008333 0.017751
0 0.445000 0.346154 0.010000 0.041420
0 0.460000 0.355030 0.016667 0.053254
0 0.535833 0.387574 0.018333 0.071006
0 0.549167 0.424556 0.018333 0.068047
0 0.619167 0.412722 0.015000 0.068047
0 0.605833 0.368343 0.008333 0.044379
0 0.631667 0.383136 0.010000 0.050296
0 0.622500 0.357988 0.008333 0.035503
0 0.709167 0.406805 0.011667 0.044379
0 0.789167 0.428994 0.011667 0.047337
0 0.823333 0.479290 0.016667 0.071006
0 0.909167 0.470414 0.008333 0.035503
0 0.987500 0.637574 0.018333 0.127219
0 0.904167 0.831361 0.085000 0.236686
