1 0.261667 0.619822 0.020000 0.032544
0 0.315000 0.542899 0.046667 0.168639
0 0.250000 0.468935 0.033333 0.115385
0 0.150833 0.428994 0.021667 0.082840
0 0.175000 0.347633 0.010000 0.044379
0 0.267500 0.369822 0.015000 0.059172
0 0.321667 0.409763 0.036667 0.079882
0 0.290000 0.372781 0.013333 0.065089
0 0.295000 0.338757 0.010000 0.032544
0 0.332500 0.346154 0.011667 0.041420
0 0.346667 0.338757 0.010000 0.038462
0 0.388333 0.380178 0.016667 0.068047
0 0.398333 0.356509 0.013333 0.062130
0 0.424167 0.362426 0.011667 0.056213
0 0.415833 0.343195 0.008333 0.041420
0 0.488333 0.381657 0.016667 0.065089
0 0.550000 0.460059 0.020000 0.097633
0 0.920833 0.855030 0.085000 0.218935
0 0.837500 0.492604 0.015000 0.073964
0 0.908333 0.470414 0.006667 0.035503
0 0.808333 0.440828 0.013333 0.041420
0 0.725833 0.421598 0.018333 0.056213
0 0.632500 0.363905 0.008333 0.035503
0 0.620000 0.381657 0.010000 0.041420
0 0.586667 0.360947 0.010000 0.035503
