0 0.205833 0.350592 0.011667 0.044379
0 0.339167 0.442308 0.021667 0.103550
0 0.390000 0.433432 0.023333 0.103550
0 0.341667 0.377219 0.016667 0.068047
0 0.383333 0.350592 0.010000 0.050296
0 0.410000 0.347633 0.010000 0.038462
0 0.414167 0.344675 0.011667 0.038462
0 0.441667 0.377219 0.010000 0.062130
0 0.490833 0.378698 0.018333 0.059172
0 0.506667 0.353550 0.010000 0.038462
0 0.542500 0.386095 0.011667 0.056213
0 0.575000 0.363905 0.010000 0.041420
0 0.635000 0.409763 0.023333 0.062130
0 0.637500 0.449704 0.021667 0.088757
0 0.784167 0.581361 0.031667 0.144970
0 0.825833 0.536982 0.021667 0.103550
0 0.751667 0.402367 0.010000 0.029586
0 0.788333 0.445266 0.010000 0.050296
0 0.888333 0.517751 0.020000 0.071006
0 0.918333 0.513314 0.013333 0.056213
0 0.973333 0.529586 0.010000 0.047337
0 0.917500 0.480769 0.008333 0.038462
