0 0.205833 0.347633 0.011667 0.044379
0 0.337500 0.442308 0.021667 0.103550
0 0.342500 0.374260 0.015000 0.062130
0 0.390833 0.431953 0.025000 0.100592
0 0.383333 0.349112 0.010000 0.047337
0 0.410000 0.346154 0.006667 0.035503
0 0.415000 0.344675 0.010000 0.038462
0 0.441667 0.377219 0.010000 0.062130
0 0.491667 0.381657 0.020000 0.059172
0 0.506667 0.352071 0.010000 0.035503
0 0.543333 0.386095 0.013333 0.056213
0 0.575000 0.365385 0.010000 0.038462
0 0.634167 0.411243 0.021667 0.065089
0 0.636667 0.451183 0.023333 0.091716
0 0.784167 0.584320 0.035000 0.144970
0 0.826667 0.539941 0.020000 0.097633
0 0.788333 0.445266 0.010000 0.050296
0 0.752500 0.402367 0.008333 0.029586
0 0.887500 0.519231 0.021667 0.068047
0 0.918333 0.514793 0.013333 0.059172
0 0.973333 0.531065 0.010000 0.044379
0 0.919167 0.479290 0.008333 0.035503
