0 0.205000 0.347633 0.010000 0.044379
0 0.340833 0.443787 0.021667 0.106509
0 0.391667 0.433432 0.023333 0.103550
0 0.340000 0.374260 0.016667 0.062130
0 0.383333 0.349112 0.010000 0.047337
0 0.410833 0.347633 0.008333 0.038462
0 0.413333 0.344675 0.006667 0.038462
0 0.442500 0.374260 0.011667 0.068047
0 0.489167 0.380178 0.018333 0.062130
0 0.507500 0.353550 0.011667 0.032544
0 0.545000 0.384615 0.013333 0.059172
0 0.575000 0.365385 0.010000 0.038462
0 0.632500 0.412722 0.018333 0.068047
0 0.637500 0.451183 0.021667 0.091716
0 0.783333 0.581361 0.030000 0.144970
0 0.826667 0.536982 0.023333 0.097633
0 0.789167 0.443787 0.011667 0.053254
0 0.753333 0.403846 0.010000 0.032544
0 0.888333 0.520710 0.023333 0.071006
0 0.918333 0.513314 0.013333 0.056213
0 0.919167 0.480769 0.011667 0.038462
0 0.975833 0.532544 0.011667 0.047337
