1 0.418333 0.374260 0.010000 0.020710
0 0.423333 0.396450 0.023333 0.065089
0 0.410833 0.389053 0.015000 0.062130
0 0.462500 0.360947 0.015000 0.047337
0 0.486667 0.349112 0.010000 0.035503
0 0.535000 0.393491 0.016667 0.065089
0 0.535833 0.362426 0.011667 0.044379
0 0.595000 0.408284 0.010000 0.071006
0 0.633333 0.374260 0.010000 0.044379
0 0.646667 0.405325 0.013333 0.053254
0 0.617500 0.356509 0.005000 0.026627
0 0.171667 0.353550 0.013333 0.038462
0 0.300833 0.397929 0.018333 0.073964
0 0.290000 0.360947 0.010000 0.053254
0 0.283333 0.363905 0.010000 0.053254
0 0.310000 0.340237 0.013333 0.047337
0 0.389167 0.362426 0.015000 0.044379
0 0.385833 0.340237 0.008333 0.035503
0 0.380000 0.331361 0.010000 0.029586
0 0.655833 0.384615 0.011667 0.041420
0 0.702500 0.400888 0.011667 0.050296
0 0.793333 0.433432 0.010000 0.050296
0 0.860833 0.501479 0.021667 0.079882
0 0.906667 0.837278 0.080000 0.224852
