0 0.205000 0.349112 0.010000 0.041420
0 0.340000 0.442308 0.020000 0.103550
0 0.340833 0.374260 0.011667 0.062130
0 0.390833 0.433432 0.021667 0.103550
0 0.383333 0.350592 0.010000 0.044379
0 0.410000 0.346154 0.006667 0.035503
0 0.414167 0.344675 0.008333 0.038462
0 0.441667 0.378698 0.010000 0.065089
0 0.490833 0.380178 0.018333 0.062130
0 0.507500 0.353550 0.011667 0.038462
0 0.542500 0.386095 0.015000 0.062130
0 0.574167 0.363905 0.011667 0.041420
0 0.637500 0.451183 0.021667 0.091716
0 0.633333 0.411243 0.020000 0.065089
0 0.784167 0.582840 0.031667 0.147929
0 0.825833 0.536982 0.021667 0.097633
0 0.789167 0.445266 0.011667 0.050296
0 0.752500 0.402367 0.008333 0.029586
0 0.889167 0.520710 0.021667 0.071006
0 0.918333 0.513314 0.013333 0.056213
0 0.974167 0.532544 0.011667 0.047337
0 0.918333 0.482249 0.010000 0.035503
