1 0.245833 0.634615 0.021667 0.038462
0 0.205000 0.609467 0.066667 0.224852
0 0.222500 0.505917 0.028333 0.118343
0 0.271667 0.427515 0.046667 0.091716
0 0.120000 0.440828 0.026667 0.082840
0 0.260000 0.369822 0.013333 0.059172
0 0.173333 0.344675 0.013333 0.044379
0 0.281667 0.368343 0.013333 0.056213
0 0.290833 0.346154 0.011667 0.041420
0 0.335833 0.347633 0.011667 0.038462
0 0.347500 0.338757 0.011667 0.038462
0 0.381667 0.383136 0.013333 0.073964
0 0.390833 0.360947 0.015000 0.053254
0 0.413333 0.338757 0.010000 0.032544
0 0.427500 0.357988 0.011667 0.047337
0 0.480833 0.381657 0.018333 0.071006
0 0.504167 0.477811 0.031667 0.121302
0 0.585833 0.360947 0.011667 0.041420
0 0.634167 0.365385 0.008333 0.032544
0 0.620833 0.384615 0.011667 0.047337
0 0.921667 0.856509 0.086667 0.227811
0 0.846667 0.497041 0.020000 0.071006
0 0.909167 0.468935 0.008333 0.032544
0 0.809167 0.445266 0.015000 0.044379
0 0.733333 0.426036 0.013333 0.053254
