0 0.207500 0.349112 0.011667 0.047337
0 0.338333 0.437870 0.023333 0.106509
0 0.344167 0.374260 0.011667 0.068047
0 0.383333 0.428994 0.023333 0.100592
0 0.382500 0.347633 0.008333 0.044379
0 0.410833 0.344675 0.008333 0.038462
0 0.416667 0.340237 0.010000 0.041420
0 0.443333 0.378698 0.010000 0.065089
0 0.493333 0.378698 0.013333 0.059172
0 0.505833 0.352071 0.008333 0.035503
0 0.539167 0.381657 0.011667 0.059172
0 0.576667 0.360947 0.010000 0.035503
0 0.630833 0.412722 0.015000 0.068047
0 0.632500 0.445266 0.018333 0.091716
0 0.783333 0.579882 0.033333 0.147929
0 0.828333 0.541420 0.020000 0.106509
0 0.784167 0.443787 0.011667 0.053254
0 0.747500 0.400888 0.008333 0.038462
0 0.891667 0.522189 0.013333 0.073964
0 0.921667 0.514793 0.016667 0.059172
0 0.919167 0.476331 0.008333 0.035503
0 0.968333 0.523669 0.013333 0.047337
