0 0.336667 0.440828 0.020000 0.106509
0 0.205833 0.347633 0.008333 0.044379
0 0.970000 0.528107 0.013333 0.044379
0 0.920000 0.511834 0.013333 0.053254
0 0.919167 0.476331 0.008333 0.029586
0 0.890000 0.520710 0.013333 0.065089
0 0.828333 0.538462 0.020000 0.100592
0 0.784167 0.582840 0.031667 0.147929
0 0.784167 0.445266 0.011667 0.056213
0 0.750000 0.400888 0.006667 0.026627
0 0.633333 0.446746 0.016667 0.088757
0 0.630000 0.409763 0.013333 0.068047
0 0.385833 0.430473 0.025000 0.097633
0 0.442500 0.375740 0.011667 0.065089
0 0.491667 0.378698 0.013333 0.059172
0 0.541667 0.383136 0.013333 0.062130
0 0.575833 0.365385 0.011667 0.044379
0 0.506667 0.353550 0.013333 0.038462
0 0.415000 0.341716 0.006667 0.038462
0 0.410833 0.346154 0.008333 0.035503
0 0.382500 0.350592 0.008333 0.044379
0 0.342500 0.377219 0.015000 0.073964
