0 0.179167 0.352071 0.011667 0.047337
1 0.410833 0.389053 0.008333 0.014793
0 0.283333 0.366864 0.013333 0.053254
0 0.292500 0.359467 0.008333 0.050296
0 0.316667 0.399408 0.023333 0.076923
0 0.323333 0.341716 0.013333 0.050296
0 0.385833 0.392012 0.035000 0.068047
0 0.448333 0.384615 0.020000 0.059172
0 0.413333 0.356509 0.013333 0.056213
0 0.405833 0.338757 0.008333 0.038462
0 0.415833 0.340237 0.008333 0.035503
0 0.470000 0.359467 0.013333 0.044379
0 0.505000 0.355030 0.010000 0.035503
0 0.536667 0.393491 0.016667 0.065089
0 0.551667 0.363905 0.010000 0.047337
0 0.611667 0.403846 0.016667 0.062130
0 0.618333 0.355030 0.006667 0.029586
0 0.642500 0.378698 0.008333 0.041420
0 0.660000 0.406805 0.013333 0.056213
0 0.669167 0.386095 0.008333 0.038462
0 0.697500 0.399408 0.011667 0.041420
0 0.800833 0.434911 0.011667 0.047337
0 0.875000 0.510355 0.016667 0.068047
0 0.909167 0.467456 0.008333 0.035503
0 0.908333 0.835799 0.080000 0.233728
