0 0.206667 0.346154 0.010000 0.047337
0 0.335833 0.437870 0.018333 0.100592
0 0.343333 0.375740 0.013333 0.065089
0 0.385833 0.428994 0.025000 0.100592
0 0.382500 0.349112 0.008333 0.047337
0 0.410000 0.346154 0.006667 0.041420
0 0.415000 0.341716 0.006667 0.044379
0 0.442500 0.377219 0.011667 0.062130
0 0.493333 0.378698 0.013333 0.059172
0 0.505833 0.353550 0.011667 0.038462
0 0.540833 0.384615 0.011667 0.059172
0 0.575833 0.363905 0.008333 0.041420
0 0.632500 0.446746 0.018333 0.088757
0 0.630833 0.412722 0.015000 0.068047
0 0.784167 0.584320 0.031667 0.144970
0 0.827500 0.539941 0.018333 0.103550
0 0.890000 0.522189 0.013333 0.068047
0 0.785000 0.446746 0.013333 0.053254
0 0.749167 0.403846 0.005000 0.032544
0 0.920000 0.514793 0.013333 0.053254
0 0.968333 0.526627 0.013333 0.041420
0 0.920000 0.476331 0.010000 0.029586
