0 0.783333 0.582840 0.033333 0.147929
0 0.827500 0.539941 0.021667 0.103550
0 0.890833 0.522189 0.015000 0.068047
0 0.920833 0.513314 0.015000 0.056213
0 0.969167 0.526627 0.015000 0.047337
0 0.919167 0.476331 0.008333 0.035503
0 0.785000 0.442308 0.013333 0.050296
0 0.749167 0.399408 0.008333 0.035503
0 0.630833 0.443787 0.018333 0.088757
0 0.630833 0.412722 0.015000 0.068047
0 0.576667 0.365385 0.010000 0.044379
0 0.540833 0.386095 0.015000 0.062130
0 0.493333 0.375740 0.013333 0.059172
0 0.505000 0.352071 0.010000 0.035503
0 0.443333 0.377219 0.013333 0.068047
0 0.385833 0.427515 0.025000 0.097633
0 0.415833 0.340237 0.008333 0.035503
0 0.410833 0.349112 0.008333 0.041420
0 0.383333 0.349112 0.010000 0.047337
0 0.336667 0.439349 0.020000 0.103550
0 0.341667 0.375740 0.013333 0.071006
0 0.205833 0.346154 0.008333 0.047337
