0 0.205833 0.347633 0.011667 0.044379
0 0.340000 0.440828 0.023333 0.106509
0 0.340833 0.374260 0.015000 0.062130
0 0.391667 0.433432 0.023333 0.103550
0 0.382500 0.350592 0.008333 0.050296
0 0.410833 0.350592 0.008333 0.038462
0 0.413333 0.346154 0.010000 0.041420
0 0.441667 0.377219 0.010000 0.062130
0 0.489167 0.381657 0.018333 0.059172
0 0.506667 0.352071 0.013333 0.035503
0 0.544167 0.386095 0.011667 0.056213
0 0.575000 0.363905 0.010000 0.041420
0 0.634167 0.412722 0.021667 0.068047
0 0.637500 0.451183 0.025000 0.091716
0 0.784167 0.581361 0.031667 0.144970
0 0.753333 0.400888 0.006667 0.038462
0 0.789167 0.443787 0.011667 0.053254
0 0.825833 0.536982 0.021667 0.097633
0 0.889167 0.520710 0.021667 0.065089
0 0.918333 0.513314 0.013333 0.056213
0 0.918333 0.479290 0.006667 0.035503
0 0.974167 0.532544 0.011667 0.041420
