0 0.205833 0.347633 0.008333 0.044379
0 0.336667 0.437870 0.023333 0.106509
0 0.343333 0.369822 0.013333 0.059172
0 0.384167 0.428994 0.021667 0.100592
0 0.784167 0.582840 0.028333 0.147929
0 0.828333 0.538462 0.020000 0.100592
0 0.890000 0.523669 0.013333 0.065089
0 0.920833 0.514793 0.015000 0.053254
0 0.960000 0.633136 0.023333 0.112426
0 0.968333 0.529586 0.013333 0.041420
0 0.919167 0.477811 0.008333 0.032544
0 0.785833 0.446746 0.011667 0.053254
0 0.748333 0.399408 0.006667 0.029586
0 0.631667 0.446746 0.016667 0.088757
0 0.630833 0.412722 0.018333 0.068047
0 0.576667 0.360947 0.010000 0.041420
0 0.539167 0.383136 0.011667 0.056213
0 0.492500 0.378698 0.011667 0.053254
0 0.506667 0.355030 0.010000 0.041420
0 0.442500 0.377219 0.011667 0.062130
0 0.415833 0.343195 0.008333 0.041420
0 0.410833 0.346154 0.008333 0.041420
0 0.382500 0.347633 0.008333 0.050296
