0 0.205833 0.349112 0.011667 0.041420
0 0.338333 0.442308 0.020000 0.103550
0 0.390000 0.433432 0.023333 0.103550
0 0.341667 0.377219 0.013333 0.068047
0 0.382500 0.349112 0.008333 0.047337
0 0.410833 0.349112 0.008333 0.041420
0 0.414167 0.343195 0.008333 0.041420
0 0.441667 0.377219 0.010000 0.062130
0 0.492500 0.380178 0.018333 0.056213
0 0.506667 0.353550 0.013333 0.038462
0 0.540833 0.384615 0.015000 0.059172
0 0.575833 0.365385 0.008333 0.044379
0 0.638333 0.451183 0.020000 0.091716
0 0.635000 0.411243 0.023333 0.065089
0 0.784167 0.581361 0.031667 0.144970
0 0.920000 0.511834 0.013333 0.053254
0 0.919167 0.477811 0.008333 0.032544
0 0.890000 0.522189 0.020000 0.068047
0 0.826667 0.538462 0.020000 0.100592
0 0.787500 0.445266 0.011667 0.050296
0 0.750833 0.402367 0.008333 0.029586
