0 0.185833 0.347633 0.011667 0.044379
1 0.404167 0.341716 0.008333 0.014793
0 0.365833 0.402367 0.035000 0.076923
0 0.321667 0.403846 0.020000 0.073964
0 0.286667 0.366864 0.013333 0.047337
0 0.294167 0.362426 0.015000 0.056213
0 0.427500 0.359467 0.015000 0.044379
0 0.416667 0.340237 0.010000 0.041420
0 0.428333 0.338757 0.013333 0.038462
0 0.465000 0.378698 0.016667 0.059172
0 0.476667 0.357988 0.010000 0.047337
0 0.511667 0.355030 0.010000 0.041420
0 0.546667 0.392012 0.020000 0.068047
0 0.560000 0.369822 0.013333 0.041420
0 0.619167 0.399408 0.018333 0.059172
0 0.665000 0.409763 0.013333 0.056213
0 0.647500 0.381657 0.008333 0.041420
0 0.674167 0.390533 0.008333 0.047337
0 0.696667 0.397929 0.010000 0.050296
0 0.804167 0.437870 0.011667 0.047337
0 0.882500 0.513314 0.018333 0.068047
0 0.908333 0.470414 0.010000 0.035503
